391
0 1 6 3 7 5 1 7 4 2 2 2 7 4 8 6 2 8 5 3 3 3 8 5 9 7 3 9 6 4 4 4 9 6 10 8 4 10 7 5 5 5 10 7 11 9 5 11 8 6 
1 3 8 1 3 7 3 6 7 2 2 4 9 2 4 8 4 7 8 3 3 5 10 3 5 9 5 8 9 4 4 6 11 4 6 10 6 9 10 5 5 7 12 5 7 11 7 10 11 6 
2 1 3 6 5 1 1 3 2 8 3 2 4 7 6 2 2 4 3 9 4 3 5 8 7 3 3 5 4 10 5 4 6 9 8 4 4 6 5 11 6 5 7 10 9 5 5 7 6 12 
3 6 9 4 9 3 1 5 6 9 4 7 10 5 10 4 2 6 7 10 5 8 11 6 11 5 3 7 8 11 6 9 12 7 12 6 4 8 9 12 7 10 13 8 13 7 5 9 10 13 
7 4 6 3 4 1 7 1 1 1 8 5 7 4 5 2 8 2 2 2 9 6 8 5 6 3 9 3 3 3 10 7 9 6 7 4 10 4 4 4 11 8 10 7 8 5 11 5 5 5 
1 3 1 9 1 2 8 1 3 7 2 4 2 10 2 3 9 2 4 8 3 5 3 11 3 4 10 3 5 9 4 6 4 12 4 5 11 4 6 10 5 7 5 13 5 6 12 5 7 11 
1 3 5 9 9 1 2 4 2 1 2 4 6 10 10 2 3 5 3 2 3 5 7 11 11 3 4 6 4 3 4 6 8 12 12 4 5 7 5 4 5 7 9 13 13 5 6 8 6 5 
3 1 2 5 4 2 1 6 3 9 4 2 3 6 5 3 2 7 4 10 5 3 4 7 6 4 3 8 5 11 6 4 5 8 7 5 4 9 6 12 7 5 6 9 8 6 5 10 7 13 
1 2 9 3 1 3 8 5 2 1 2 3 10 4 2 4 9 6 3 2 3 4 11 5 3 5 10 7 4 3 4 5 12 6 4 6 11 8 5 4 5 6 13 7 5 7 12 9 6 5 
2 3 1 1 9 4 4 5 8 1 3 4 2 2 10 5 5 6 9 2 4 5 3 3 11 6 6 7 10 3 5 6 4 4 12 7 7 8 11 4 6 7 5 5 13 8 8 9 12 5 
2 2 7 4 8 6 2 8 5 3 3 3 8 5 9 7 3 9 6 4 4 4 9 6 10 8 4 10 7 5 5 5 10 7 11 9 5 11 8 6 6 6 11 8 12 10 6 12 9 7 
2 4 9 2 4 8 4 7 8 3 3 5 10 3 5 9 5 8 9 4 4 6 11 4 6 10 6 9 10 5 5 7 12 5 7 11 7 10 11 6 6 8 13 6 8 12 8 11 12 7 
3 2 4 7 6 2 2 4 3 9 4 3 5 8 7 3 3 5 4 10 5 4 6 9 8 4 4 6 5 11 6 5 7 10 9 5 5 7 6 12 7 6 8 11 10 6 6 8 7 13 
4 7 10 5 10 4 2 6 7 10 5 8 11 6 11 5 3 7 8 11 6 9 12 7 12 6 4 8 9 12 7 10 13 8 13 7 5 9 10 13 8 11 14 9 14 8 6 10 11 14 
8 5 7 4 5 2 8 2 2 2 9 6 8 5 6 3 9 3 3 3 10 7 9 6 7 4 10 4 4 4 11 8 10 7 8 5 11 5 5 5 12 9 11 8 9 6 12 6 6 6 
2 4 2 10 2 3 9 2 4 8 3 5 3 11 3 4 10 3 5 9 4 6 4 12 4 5 11 4 6 10 5 7 5 13 5 6 12 5 7 11 6 8 6 14 6 7 13 6 8 12 
2 4 6 10 10 2 3 5 3 2 3 5 7 11 11 3 4 6 4 3 4 6 8 12 12 4 5 7 5 4 5 7 9 13 13 5 6 8 6 5 6 8 10 14 14 6 7 9 7 6 
4 2 3 6 5 3 2 7 4 10 5 3 4 7 6 4 3 8 5 11 6 4 5 8 7 5 4 9 6 12 7 5 6 9 8 6 5 10 7 13 8 6 7 10 9 7 6 11 8 14 
2 3 10 4 2 4 9 6 3 2 3 4 11 5 3 5 10 7 4 3 4 5 12 6 4 6 11 8 5 4 5 6 13 7 5 7 12 9 6 5 6 7 14 8 6 8 13 10 7 6 
3 4 2 2 10 5 5 6 9 2 4 5 3 3 11 6 6 7 10 3 5 6 4 4 12 7 7 8 11 4 6 7 5 5 13 8 8 9 12 5 7 8 6 6 14 9 9 10 13 6 
3 3 8 5 9 7 3 9 6 4 4 4 9 6 10 8 4 10 7 5 5 5 10 7 11 9 5 11 8 6 6 6 11 8 12 10 6 12 9 7 7 7 12 9 13 11 7 13 10 8 
3 5 10 3 5 9 5 8 9 4 4 6 11 4 6 10 6 9 10 5 5 7 12 5 7 11 7 10 11 6 6 8 13 6 8 12 8 11 12 7 7 9 14 7 9 13 9 12 13 8 
4 3 5 8 7 3 3 5 4 10 5 4 6 9 8 4 4 6 5 11 6 5 7 10 9 5 5 7 6 12 7 6 8 11 10 6 6 8 7 13 8 7 9 12 11 7 7 9 8 14 
5 8 11 6 11 5 3 7 8 11 6 9 12 7 12 6 4 8 9 12 7 10 13 8 13 7 5 9 10 13 8 11 14 9 14 8 6 10 11 14 9 12 15 10 15 9 7 11 12 15 
9 6 8 5 6 3 9 3 3 3 10 7 9 6 7 4 10 4 4 4 11 8 10 7 8 5 11 5 5 5 12 9 11 8 9 6 12 6 6 6 13 10 12 9 10 7 13 7 7 7 
3 5 3 11 3 4 10 3 5 9 4 6 4 12 4 5 11 4 6 10 5 7 5 13 5 6 12 5 7 11 6 8 6 14 6 7 13 6 8 12 7 9 7 15 7 8 14 7 9 13 
3 5 7 11 11 3 4 6 4 3 4 6 8 12 12 4 5 7 5 4 5 7 9 13 13 5 6 8 6 5 6 8 10 14 14 6 7 9 7 6 7 9 11 15 15 7 8 10 8 7 
5 3 4 7 6 4 3 8 5 11 6 4 5 8 7 5 4 9 6 12 7 5 6 9 8 6 5 10 7 13 8 6 7 10 9 7 6 11 8 14 9 7 8 11 10 8 7 12 9 15 
3 4 11 5 3 5 10 7 4 3 4 5 12 6 4 6 11 8 5 4 5 6 13 7 5 7 12 9 6 5 6 7 14 8 6 8 13 10 7 6 7 8 15 9 7 9 14 11 8 7 
4 5 3 3 11 6 6 7 10 3 5 6 4 4 12 7 7 8 11 4 6 7 5 5 13 8 8 9 12 5 7 8 6 6 14 9 9 10 13 6 8 9 7 7 15 10 10 11 14 0 
4 4 9 6 10 8 4 10 7 5 5 5 10 7 11 9 5 11 8 6 6 6 11 8 12 10 6 12 9 7 7 7 12 9 13 11 7 13 10 8 8 8 13 10 14 12 8 14 0 0 
4 6 11 4 6 10 6 9 10 5 5 7 12 5 7 11 7 10 11 6 6 8 13 6 8 12 8 11 12 7 7 9 14 7 9 13 9 12 13 8 8 10 15 8 10 14 10 0 0 0 
5 4 6 9 8 4 4 6 5 11 6 5 7 10 9 5 5 7 6 12 7 6 8 11 10 6 6 8 7 13 8 7 9 12 11 7 7 9 8 14 9 8 10 13 12 8 0 0 0 0 
6 9 12 7 12 6 4 8 9 12 7 10 13 8 13 7 5 9 10 13 8 11 14 9 14 8 6 10 11 14 9 12 15 10 15 9 7 11 12 15 10 13 16 11 16 0 0 0 0 0 
10 7 9 6 7 4 10 4 4 4 11 8 10 7 8 5 11 5 5 5 12 9 11 8 9 6 12 6 6 6 13 10 12 9 10 7 13 7 7 7 14 11 13 10 0 0 0 0 0 0 
4 6 4 12 4 5 11 4 6 10 5 7 5 13 5 6 12 5 7 11 6 8 6 14 6 7 13 6 8 12 7 9 7 15 7 8 14 7 9 13 8 10 8 16 0 0 0 0 0 0 
4 6 8 12 12 4 5 7 5 4 5 7 9 13 13 5 6 8 6 5 6 8 10 14 14 6 7 9 7 6 7 9 11 15 15 7 8 10 8 7 8 10 12 0 0 0 0 0 0 0 
6 4 5 8 7 5 4 9 6 12 7 5 6 9 8 6 5 10 7 13 8 6 7 10 9 7 6 11 8 14 9 7 8 11 10 8 7 12 9 15 10 8 0 0 0 0 0 0 0 0 
4 5 12 6 4 6 11 8 5 4 5 6 13 7 5 7 12 9 6 5 6 7 14 8 6 8 13 10 7 6 7 8 15 9 7 9 14 11 8 7 8 0 0 0 0 0 0 0 0 0 
5 6 4 4 12 7 7 8 11 4 6 7 5 5 13 8 8 9 12 5 7 8 6 6 14 9 9 10 13 6 8 9 7 7 15 10 10 11 14 7 0 0 0 0 0 0 0 0 0 0 
5 5 10 7 11 9 5 11 8 6 6 6 11 8 12 10 6 12 9 7 7 7 12 9 13 11 7 13 10 8 8 8 13 10 14 12 8 14 11 0 0 0 0 0 0 0 0 0 0 0 
5 7 12 5 7 11 7 10 11 6 6 8 13 6 8 12 8 11 12 7 7 9 14 7 9 13 9 12 13 8 8 10 15 8 10 14 10 13 0 0 0 0 0 0 0 0 0 0 0 0 
6 5 7 10 9 5 5 7 6 12 7 6 8 11 10 6 6 8 7 13 8 7 9 12 11 7 7 9 8 14 9 8 10 13 12 8 8 0 0 0 0 0 0 0 0 0 0 0 0 0 
7 10 13 8 13 7 5 9 10 13 8 11 14 9 14 8 6 10 11 14 9 12 15 10 15 9 7 11 12 15 10 13 16 11 16 10 0 0 0 0 0 0 0 0 0 0 0 0 0 0 
11 8 10 7 8 5 11 5 5 5 12 9 11 8 9 6 12 6 6 6 13 10 12 9 10 7 13 7 7 7 14 11 13 10 0 0 0 0 0 0 0 0 0 0 0 0 0 0 0 0 
5 7 5 13 5 6 12 5 7 11 6 8 6 14 6 7 13 6 8 12 7 9 7 15 7 8 14 7 9 13 8 10 8 0 0 0 0 0 0 0 0 0 0 0 0 0 0 0 0 0 
5 7 9 13 13 5 6 8 6 5 6 8 10 14 14 6 7 9 7 6 7 9 11 15 15 7 8 10 8 7 8 10 0 0 0 0 0 0 0 0 0 0 0 0 0 0 0 0 0 0 
7 5 6 9 8 6 5 10 7 13 8 6 7 10 9 7 6 11 8 14 9 7 8 11 10 8 7 12 9 15 10 0 0 0 0 0 0 0 0 0 0 0 0 0 0 0 0 0 0 0 
5 6 13 7 5 7 12 9 6 5 6 7 14 8 6 8 13 10 7 6 7 8 15 9 7 9 14 11 8 7 8 0 0 0 0 0 0 0 0 0 0 0 0 0 0 0 0 0 0 0 
6 7 5 5 13 8 8 9 12 5 7 8 6 6 14 9 9 10 13 6 8 9 7 7 15 10 10 11 14 7 0 0 0 0 0 0 0 0 0 0 0 0 0 0 0 0 0 0 0 0 
